{
  "advancedEditorSelectedIdentifier" : "ProjectBrowser",
  "openSceneRelativePaths" : [
    "Sun.usda"
  ],
  "recentIdentifiers" : {
    "AF09ED6F-1707-48FD-8720-65B998362C09" : [

    ],
    "C1A88872-AE56-4925-8624-A0061ACD7C36" : [

    ]
  },
  "sceneCameraHistory" : {
    "2D9D6BF1-4DC4-47DF-8A55-C05160F46F43" : [
      {
        "date" : 715931218.70981705,
        "title" : "Untitled",
        "transform" : [
          0.95050489902496338,
          2.297652201832534e-08,
          0.31070959568023682,
          0,
          -0.044472958892583847,
          0.98970341682434082,
          0.1360490620136261,
          0,
          -0.3075103759765625,
          -0.1431335061788559,
          0.94071793556213379,
          0,
          0.062019497156143188,
          0.30404993891716003,
          4.4716649055480957,
          1
        ]
      },
      {
        "date" : 715925969.46557701,
        "title" : "Untitled",
        "transform" : [
          0.95050489902496338,
          2.297652201832534e-08,
          0.31070959568023682,
          0,
          -0.044472958892583847,
          0.98970341682434082,
          0.1360490620136261,
          0,
          -0.3075103759765625,
          -0.1431335061788559,
          0.94071793556213379,
          0,
          0.35235616564750671,
          0.89669781923294067,
          4.6567463874816895,
          1
        ]
      },
      {
        "date" : 715925966.66931999,
        "title" : "Untitled",
        "transform" : [
          0.8704950213432312,
          1.8266838708314026e-08,
          0.49217718839645386,
          0,
          0.027850540354847908,
          0.99839770793914795,
          -0.049258213490247726,
          0,
          -0.49138858914375305,
          0.056586414575576782,
          0.86910027265548706,
          0,
          -0.44332337379455566,
          1.7374217510223389,
          4.4043545722961426,
          1
        ]
      },
      {
        "date" : 715925954.02829504,
        "title" : "Untitled",
        "transform" : [
          0.8704950213432312,
          1.8266838708314026e-08,
          0.49217718839645386,
          0,
          0.027850540354847908,
          0.99839770793914795,
          -0.049258213490247726,
          0,
          -0.49138858914375305,
          0.056586414575576782,
          0.86910027265548706,
          0,
          0.17307132482528687,
          0.35274964570999146,
          4.8430194854736328,
          1
        ]
      },
      {
        "date" : 715925948.30827403,
        "title" : "Untitled",
        "transform" : [
          1,
          0,
          0,
          0,
          0,
          0.7071068286895752,
          -0.70710676908493042,
          0,
          0,
          0.70710676908493042,
          0.7071068286895752,
          0,
          2.5990340709686279,
          3.3048858642578125,
          3.3630447387695312,
          1
        ]
      },
      {
        "date" : 715925946.51403403,
        "title" : "Untitled",
        "transform" : [
          1,
          0,
          0,
          0,
          0,
          0.7071068286895752,
          -0.70710676908493042,
          0,
          0,
          0.70710676908493042,
          0.7071068286895752,
          0,
          2.5990340709686279,
          3.3048858642578125,
          3.3630447387695312,
          1
        ]
      },
      {
        "date" : 715925941.46099901,
        "title" : "Untitled",
        "transform" : [
          1,
          0,
          0,
          0,
          0,
          0.7071068286895752,
          -0.70710676908493042,
          0,
          0,
          0.70710676908493042,
          0.7071068286895752,
          0,
          4.7544922828674316,
          12.503448486328125,
          12.824897766113281,
          1
        ]
      },
      {
        "date" : 715925925.67463005,
        "title" : "Untitled",
        "transform" : [
          0.99993288516998291,
          -6.1866733958026998e-11,
          0.011587463319301605,
          0,
          0.0017064486164599657,
          0.98909676074981689,
          -0.14725692570209503,
          0,
          -0.011461122892796993,
          0.14726679027080536,
          0.98903036117553711,
          0,
          0.43205320835113525,
          1.3730695247650146,
          5.8634281158447266,
          1
        ]
      },
      {
        "date" : 715925917.63519096,
        "title" : "Untitled",
        "transform" : [
          1,
          0,
          0,
          0,
          0,
          0.86602580547332764,
          -0.49999925494194031,
          0,
          0,
          0.49999925494194031,
          0.86602580547332764,
          0,
          0.5,
          3.4642298221588135,
          5.1341981887817383,
          1
        ]
      }
    ],
    "758C5C73-9F14-4C3A-BD42-66048679ECC2" : [
      {
        "date" : 715922253.813627,
        "title" : "Untitled",
        "transform" : [
          1,
          0,
          0,
          0,
          0,
          0.86602544784545898,
          -0.49999988079071045,
          0,
          0,
          0.49999988079071045,
          0.86602544784545898,
          0,
          0,
          1.6624373197555542,
          2.8794262409210205,
          1
        ]
      },
      {
        "date" : 715922252.03567398,
        "title" : "Untitled",
        "transform" : [
          1,
          0,
          0,
          0,
          0,
          0.86602544784545898,
          -0.49999988079071045,
          0,
          0,
          0.49999988079071045,
          0.86602544784545898,
          0,
          0,
          0.58877158164978027,
          1.0197827816009521,
          1
        ]
      },
      {
        "date" : 715922233.31722701,
        "title" : "Untitled",
        "transform" : [
          1,
          0,
          0,
          0,
          0,
          0.86602544784545898,
          -0.49999988079071045,
          0,
          0,
          0.49999988079071045,
          0.86602544784545898,
          0,
          0,
          0.36916744709014893,
          0.63941693305969238,
          1
        ]
      },
      {
        "date" : 715922205.76050305,
        "title" : "Untitled",
        "transform" : [
          1,
          0,
          0,
          0,
          0,
          0.86602544784545898,
          -0.49999988079071045,
          0,
          0,
          0.49999988079071045,
          0.86602544784545898,
          0,
          0,
          0.22198332846164703,
          0.38448643684387207,
          1
        ]
      }
    ],
    "86666D1D-4C92-4012-9DFB-48A19A1A0CB0" : [
      {
        "date" : 715931581.57456803,
        "title" : "Untitled",
        "transform" : [
          1,
          0,
          0,
          0,
          0,
          0.86602538824081421,
          -0.5,
          0,
          0,
          0.5,
          0.86602538824081421,
          0,
          -2.9802325940408991e-08,
          1.694132924079895,
          2.9343256950378418,
          1
        ]
      }
    ],
    "AF09ED6F-1707-48FD-8720-65B998362C09" : [
      {
        "date" : 715527461.20683205,
        "title" : "Untitled",
        "transform" : [
          1,
          0,
          0,
          0,
          0,
          0.86602449417114258,
          -0.50000154972076416,
          0,
          0,
          0.50000154972076416,
          0.86602449417114258,
          0,
          0,
          2.1632454395294189,
          2.5610542297363281,
          1
        ]
      },
      {
        "date" : 715527452.26310301,
        "title" : "Untitled",
        "transform" : [
          1,
          0,
          0,
          0,
          0,
          0.86602449417114258,
          -0.50000154972076416,
          0,
          0,
          0.50000154972076416,
          0.86602449417114258,
          0,
          0,
          3.862654447555542,
          4.572974681854248,
          1
        ]
      }
    ],
    "B57CAC64-7F17-42E8-9BEF-967739F1CF38" : [
      {
        "date" : 715922006.99505699,
        "title" : "Untitled",
        "transform" : [
          1,
          0,
          0,
          0,
          0,
          0.86602544784545898,
          -0.49999988079071045,
          0,
          0,
          0.49999988079071045,
          0.86602544784545898,
          0,
          0,
          0.066695153713226318,
          0.13240933418273926,
          1
        ]
      },
      {
        "date" : 715922001.00093901,
        "title" : "Untitled",
        "transform" : [
          1,
          0,
          0,
          0,
          0,
          0.86602544784545898,
          -0.49999988079071045,
          0,
          0,
          0.49999988079071045,
          0.86602544784545898,
          0,
          0,
          0.22198332846164703,
          0.38448643684387207,
          1
        ]
      }
    ],
    "C1A88872-AE56-4925-8624-A0061ACD7C36" : [
      {
        "date" : 715950847.071123,
        "title" : "Untitled",
        "transform" : [
          0.53482639789581299,
          -8.4274986988930323e-09,
          -0.84496194124221802,
          0,
          0.11400843411684036,
          0.99085545539855957,
          0.072162672877311707,
          0,
          0.8372352123260498,
          -0.13492727279663086,
          0.52993565797805786,
          0,
          0.7270277738571167,
          0.15848484635353088,
          0.13514967262744904,
          1
        ]
      },
      {
        "date" : 715950836.10673904,
        "title" : "Untitled",
        "transform" : [
          0.53482639789581299,
          -8.4274986988930323e-09,
          -0.84496194124221802,
          0,
          0.11400843411684036,
          0.99085545539855957,
          0.072162672877311707,
          0,
          0.8372352123260498,
          -0.13492727279663086,
          0.52993565797805786,
          0,
          0.7890545129776001,
          0.12532426416873932,
          0.028711855411529541,
          1
        ]
      },
      {
        "date" : 715950821.03225398,
        "title" : "Untitled",
        "transform" : [
          0.53482639789581299,
          -8.4274986988930323e-09,
          -0.84496194124221802,
          0,
          0.11400843411684036,
          0.99085545539855957,
          0.072162672877311707,
          0,
          0.8372352123260498,
          -0.13492727279663086,
          0.52993565797805786,
          0,
          0.48144382238388062,
          0.059039603918790817,
          0.49782329797744751,
          1
        ]
      },
      {
        "date" : 715934365.32302999,
        "title" : "Untitled",
        "transform" : [
          1,
          0,
          0,
          0,
          0,
          0.86602538824081421,
          -0.5,
          0,
          0,
          0.5,
          0.86602538824081421,
          0,
          -8.1039637223057071e-09,
          0.46067512035369873,
          0.79791313409805298,
          1
        ]
      },
      {
        "date" : 715934362.94054997,
        "title" : "Untitled",
        "transform" : [
          1,
          0,
          0,
          0,
          0,
          0.86602538824081421,
          -0.5,
          0,
          0,
          0.5,
          0.86602538824081421,
          0,
          -2.4588587166363141e-08,
          1.397754430770874,
          2.420982837677002,
          1
        ]
      },
      {
        "date" : 715922190.10179901,
        "title" : "Untitled",
        "transform" : [
          1,
          0,
          0,
          0,
          0,
          0.86602538824081421,
          -0.5,
          0,
          0,
          0.5,
          0.86602538824081421,
          0,
          -3.581422447496152e-08,
          2.0358831882476807,
          3.5262548923492432,
          1
        ]
      },
      {
        "date" : 715922145.99625802,
        "title" : "Untitled",
        "transform" : [
          1,
          0,
          0,
          0,
          0,
          0.86602538824081421,
          -0.5,
          0,
          0,
          0.5,
          0.86602538824081421,
          0,
          -2.9802325940408991e-08,
          1.694132924079895,
          2.9343256950378418,
          1
        ]
      }
    ],
    "D66134B1-3681-4A8E-AFE5-29F257229F3B" : [
      {
        "date" : 715922027.73798299,
        "title" : "Untitled",
        "transform" : [
          1,
          0,
          0,
          0,
          0,
          0.86602550745010376,
          -0.49999982118606567,
          0,
          0,
          0.49999982118606567,
          0.86602550745010376,
          0,
          0,
          0.22236339747905731,
          0.38534477353096008,
          1
        ]
      }
    ]
  },
  "selectedSceneRelativePath" : "Sun.usda"
}